0.930467 0.002654 0.001592 0.000796 0.000531 0.006635 0.002654 0.008493 0.001062 0.000000 0.002123 0.001062 0.001327 0.014331 0.020701 0.005573
0.002725 0.389101 0.159128 0.041417 0.005450 0.007629 0.058856 0.019619 0.019074 0.014714 0.036512 0.065940 0.056676 0.023978 0.025613 0.073569
0.006135 0.178791 0.362840 0.191937 0.030675 0.014023 0.007888 0.007888 0.005259 0.006135 0.014899 0.033304 0.030675 0.006135 0.014023 0.089395
0.001812 0.056159 0.168478 0.471014 0.148551 0.023551 0.000000 0.001812 0.000000 0.001812 0.009058 0.016304 0.021739 0.007246 0.001812 0.070652
0.000000 0.028571 0.074286 0.137143 0.680000 0.017143 0.000000 0.000000 0.000000 0.005714 0.000000 0.000000 0.005714 0.000000 0.000000 0.051429
0.007874 0.031496 0.062992 0.039370 0.055118 0.700787 0.007874 0.000000 0.000000 0.015748 0.015748 0.007874 0.007874 0.000000 0.023622 0.023622
0.007622 0.030616 0.009559 0.001163 0.000904 0.005167 0.636481 0.008784 0.076734 0.080093 0.021832 0.023899 0.006459 0.046893 0.031391 0.012401
0.005711 0.007614 0.006980 0.002538 0.000000 0.000000 0.009518 0.720812 0.143401 0.010152 0.010787 0.007614 0.000000 0.068528 0.004442 0.001904
0.004714 0.012669 0.005303 0.001768 0.000000 0.002062 0.105480 0.149381 0.526223 0.084856 0.016500 0.010018 0.001179 0.063052 0.011491 0.005303
0.003497 0.024476 0.006993 0.000000 0.000000 0.012238 0.108392 0.022727 0.089161 0.580420 0.050699 0.045455 0.000000 0.031469 0.019231 0.005245
0.010613 0.042453 0.022406 0.014151 0.004717 0.025943 0.043632 0.016509 0.018868 0.109670 0.390330 0.147406 0.024764 0.010613 0.054245 0.063679
0.002727 0.078106 0.037689 0.014133 0.002975 0.015621 0.027027 0.005455 0.003719 0.011406 0.093231 0.484751 0.042400 0.003223 0.091495 0.086040
0.000449 0.071295 0.014439 0.003965 0.001721 0.005125 0.006583 0.000075 0.000075 0.001047 0.025099 0.065535 0.753161 0.000486 0.024725 0.026221
0.009612 0.011275 0.003327 0.001109 0.000185 0.003142 0.100000 0.092884 0.107486 0.036784 0.009150 0.007301 0.002218 0.515712 0.095564 0.004251
0.024004 0.022439 0.006958 0.002957 0.000174 0.007480 0.032180 0.003653 0.003479 0.015829 0.042442 0.071317 0.021221 0.082797 0.616977 0.046095
0.005970 0.059701 0.062687 0.047761 0.020896 0.002985 0.023881 0.000000 0.005970 0.005970 0.014925 0.047761 0.008955 0.000000 0.044776 0.647761
